Step,Reward,Accumulated reward,Velocity,Steer
1,0.05884203384020913,0.05884203384020913,7.0,0.0
2,0.07172472288734034,0.13056675672754947,6.0,0.136
3,0.07389929344779567,0.20446605017534514,6.0,0.136
4,0.07185277745837257,0.27631882763371773,6.0,0.136
5,0.06496194949516884,0.3412807771288866,6.0,0.136
6,0.06601357517571285,0.4072943523045994,6.0,0.136
7,0.06462917356780082,0.4719235258724003,6.0,0.136
8,0.06315179373088636,0.5350753196032867,6.0,0.136
9,0.06084908500630805,0.5959244046095947,6.0,0.136
10,0.06459464428471584,0.6605190488943106,6.0,0.136
11,0.06530805604499683,0.7258271049393074,6.0,0.136
12,0.06634708512213922,0.7921741900614465,4.0,-0.064
13,0.06738480859728002,0.8595589986587265,4.0,-0.064
14,0.06725026231416514,0.9268092609728917,4.0,-0.064
15,0.0662483070321279,0.9930575680050197,4.0,-0.064
16,0.06497426600069614,1.0580318340057158,4.0,-0.064
17,0.05929778189272494,1.1173296158984407,4.0,-0.064
18,0.04779157718022665,1.1651211930786673,4.0,-0.064
19,0.03676960719259162,1.201890800271259,4.0,-0.064
20,0.03590218318136115,1.23779298345262,4.0,-0.064
21,0.04009229672582526,1.2778852801784453,4.0,-0.064
22,0.04219146025808234,1.3200767404365277,4.0,-0.064
23,0.044861117204030354,1.364937857640558,4.0,-0.064
24,0.047978170712788905,1.4129160283533468,4.0,-0.064
25,0.049801197177485414,1.4627172255308323,4.0,-0.064
26,0.05101495039927495,1.5137321759301072,4.0,-0.064
27,0.05186418068873418,1.5655963566188413,4.0,-0.064
28,0.051991081361646777,1.6175874379804882,4.0,-0.064
29,0.05151133494499402,1.6690987729254823,4.0,-0.064
30,0.051097729329939015,1.7201965022554213,4.0,-0.064
31,0.05002037660985053,1.770216878865272,4.0,-0.064
32,0.048904020358354616,1.8191208992236265,4.0,-0.064
33,0.04825787918477119,1.8673787784083977,4.0,-0.064
34,0.04799164431004584,1.9153704227184436,4.0,-0.064
35,0.04794263737111152,1.9633130600895552,4.0,-0.064
36,0.04803266422658027,2.0113457243161355,4.0,-0.064
37,0.04823257582097114,2.0595783001371064,4.0,-0.064
38,0.04836735622792304,2.1079456563650294,4.0,-0.064
39,0.04872707085731702,2.1566727272223463,4.0,-0.064
40,0.048976165820390744,2.205648893042737,4.0,-0.064
41,0.049118690062791875,2.254767583105529,4.0,-0.064
42,0.04931608212458623,2.3040836652301153,4.0,-0.064
43,0.049300181989545944,2.353383847219661,4.0,-0.064
44,0.04931531441676153,2.4026991616364226,4.0,-0.064
45,0.049447672492579406,2.452146834129002,4.0,-0.064
46,0.04940495980413336,2.5015517939331353,4.0,-0.064
47,0.049399109012202215,2.5509509029453374,4.0,-0.064
48,0.04939540160329718,2.600346304548635,4.0,-0.064
49,0.04940447104604621,2.649750775594681,4.0,-0.064
50,0.049376599914149236,2.69912737550883,4.0,-0.064
51,0.04930758250387091,2.748434958012701,4.0,-0.064
52,0.049320008880213685,2.797754966892915,4.0,-0.064
53,0.049244434959010076,2.846999401851925,4.0,-0.064
54,0.049232840663508366,2.8962322425154334,4.0,-0.064
55,0.049293856746272034,2.9455260992617056,4.0,-0.064
56,0.04948416074117025,2.995010260002876,4.0,-0.064
57,0.04961507161458334,3.044625331617459,4.0,-0.064
58,0.04979153723330111,3.0944168688507605,4.0,-0.064
59,0.049993641180534884,3.1444105100312956,4.0,-0.064
60,0.049724757475395724,3.194135267506691,4.0,-0.064
61,0.04990977578692966,3.244045043293621,4.0,-0.064
62,0.049950626426272925,3.293995669719894,4.0,-0.064
63,0.05026000123628428,3.344255670956178,4.0,-0.064
64,0.050255824142778426,3.3945114950989566,4.0,-0.064
65,0.05054835523877825,3.445059850337735,4.0,-0.064
66,0.05051290478025164,3.4955727551179865,4.0,-0.064
67,0.050779617903889095,3.546352373021876,4.0,-0.064
68,0.05098092107211842,3.5973332940939944,4.0,-0.064
69,0.05121610694856786,3.6485494010425623,4.0,-0.064
70,0.05110428863496923,3.6996536896775316,4.0,-0.064
71,0.05108995967836522,3.750743649355897,4.0,-0.064
72,0.051317255641474865,3.8020609049973717,4.0,-0.064
73,0.0515802917113671,3.8536411967087387,4.0,-0.064
74,0.051874163150787356,3.905515359859526,4.0,-0.064
75,0.05210193967062329,3.9576172995301495,4.0,-0.064
76,0.052314435128242735,4.009931734658392,4.0,-0.064
77,0.052334371689827214,4.062266106348219,4.0,-0.064
78,0.05262867974453285,4.114894786092752,4.0,-0.064
79,0.052871607939402265,4.167766394032155,4.0,-0.064
80,0.052788058916727706,4.220554452948883,4.0,-0.064
81,0.05303373773219222,4.273588190681075,4.0,-0.064
82,0.0531109901201927,4.326699180801267,4.0,-0.064
83,0.05341071038410582,4.380109891185373,4.0,-0.064
84,0.053781249690474126,4.433891140875847,4.0,-0.064
85,0.05406696932656424,4.4879581102024115,4.0,-0.064
86,0.05408809321267264,4.542046203415084,4.0,-0.064
87,0.0547433391323796,4.596789542547463,4.0,-0.064
88,0.054770623754571986,4.651560166302035,4.0,-0.064
89,0.05513033183115833,4.706690498133193,4.0,-0.064
90,0.055431111409113956,4.762121609542308,4.0,-0.064
91,0.05543207462017353,4.8175536841624815,4.0,-0.064
92,0.05577898380803127,4.873332667970513,4.0,-0.064
93,0.05579851744221706,4.92913118541273,4.0,-0.064
94,0.05621396064758301,4.985345146060314,4.0,-0.064
95,0.056537790493089324,5.041882936553403,4.0,-0.064
96,0.05695300896962484,5.098835945523028,4.0,-0.064
97,0.05698297341664632,5.155818918939675,4.0,-0.064
98,0.057502646598410104,5.2133215655380845,4.0,-0.064
99,0.05798373025396596,5.27130529579205,4.0,-0.064
100,0.05850660694970025,5.329811902741751,4.0,-0.064
101,0.059510579940884614,5.389322482682636,4.0,-0.064
102,0.06058464945816412,5.4499071321408,4.0,-0.064
103,0.06117432355880737,5.511081455699608,6.0,0.136
104,0.06175302181488428,5.572834477514492,6.0,0.136
105,0.06198852930313502,5.634823006817627,6.0,0.136
106,0.062085437193149476,5.696908444010777,6.0,0.136
107,0.06156685246361626,5.758475296474393,6.0,0.136
108,0.061981625751573205,5.820456922225967,4.0,-0.064
109,0.0629074968610491,5.883364419087016,4.0,-0.064
110,0.06295546191079276,5.946319880997809,4.0,-0.064
111,0.06195187704903739,6.008271758046846,4.0,-0.064
112,0.06083109205419367,6.06910285010104,4.0,-0.064
113,0.059508679563348946,6.128611529664389,6.0,0.136
114,0.058676466058801724,6.1872879957231905,6.0,0.136
115,0.05711745088750666,6.244405446610697,6.0,0.136
116,0.05563635308863753,6.3000417996993345,4.0,-0.064
117,0.0547539696617732,6.3547957693611075,4.0,-0.064
118,0.05427091213373038,6.409066681494838,4.0,-0.064
119,0.05363735451842799,6.462704036013266,4.0,-0.064
120,0.05310398354674831,6.515808019560014,4.0,-0.064
121,0.05254432931090846,6.568352348870922,4.0,-0.064
122,0.05178470626021876,6.620137055131141,4.0,-0.064
123,0.051482685529268706,6.67161974066041,4.0,-0.064
124,0.05102482172159048,6.722644562382,4.0,-0.064
125,0.051153035163879396,6.7737975975458795,4.0,-0.064
126,0.05138934850692749,6.825186946052807,4.0,-0.064
127,0.05201943968969678,6.877206385742504,4.0,-0.064
128,0.05212277983862256,6.929329165581127,4.0,-0.064
129,0.052558187130958806,6.981887352712086,4.0,-0.064
130,0.05252821314719416,7.0344155658592795,4.0,-0.064
131,0.05245951760199762,7.086875083461277,4.0,-0.064
132,0.052628365032008434,7.1395034484932856,6.0,0.136
133,0.05233212340262628,7.191835571895912,6.0,0.136
134,0.05189720445604467,7.243732776351957,6.0,0.136
135,0.05566361745198568,7.299396393803942,4.0,-0.064
136,0.056433064646837186,7.3558294584507795,4.0,-0.064
137,0.057781164759681335,7.413610623210461,4.0,-0.064
138,0.05695684205918085,7.470567465269642,4.0,-0.064
139,0.05580363046555292,7.526371095735195,4.0,-0.064
140,0.05428115676431095,7.580652252499506,4.0,-0.064
141,0.05283189546494257,7.633484147964449,4.0,-0.064
142,0.05125828097848331,7.684742428942932,4.0,-0.064
143,0.04997680348019267,7.734719232423124,4.0,-0.064
144,0.04750701319087636,7.782226245614001,4.0,-0.064
145,0.04664000302218319,7.828866248636184,4.0,-0.064
146,0.046141374405850186,7.875007623042034,4.0,-0.064
147,0.045666726290524665,7.920674349332558,4.0,-0.064
148,0.045701456724942385,7.966375806057501,4.0,-0.064
149,0.0459872586124546,8.012363064669955,4.0,-0.064
150,0.04623978158702021,8.058602846256976,4.0,-0.064
151,0.046586240055740524,8.105189086312716,4.0,-0.064
152,0.04674418576220249,8.151933272074919,4.0,-0.064
153,0.04729291987675492,8.199226191951674,4.0,-0.064
154,0.04734879620531772,8.246574988156992,4.0,-0.064
155,0.047383693532740814,8.293958681689732,6.0,0.136
156,0.04720626554991069,8.341164947239642,6.0,0.136
157,0.04719819007460604,8.388363137314249,4.0,-0.064
158,0.0474240523281664,8.435787189642415,4.0,-0.064
159,0.04766323758560477,8.48345042722802,4.0,-0.064
160,0.04766717103811411,8.531117598266134,4.0,-0.064
161,0.04711617049716768,8.578233768763301,6.0,0.136
162,0.046553338923544255,8.624787107686846,6.0,0.136
163,0.04617815561383684,8.670965263300683,6.0,0.136
164,0.04621805982852201,8.717183323129206,6.0,0.136
165,0.04687718022186144,8.764060503351066,6.0,0.136
166,0.04789543918055347,8.81195594253162,6.0,0.136
167,0.04913968310868445,8.861095625640305,4.0,-0.064
168,0.05055382061004639,8.911649446250351,6.0,0.136
169,0.052197652935057647,8.96384709918541,6.0,0.136
170,0.05358339173453195,9.017430490919942,6.0,0.136
171,0.05869512421744211,9.076125615137384,6.0,0.136
172,0,9.076125615137384,6.0,0.136
