Step,Reward,Accumulated reward,Velocity,Steer,Deviation,Speed
1,0.9375,0.9375,4.0,-0.03999999999999998,16.0,0.0
2,0.94140625,1.87890625,4.0,-0.03999999999999998,15.0,2.16154146194458
3,0.9453125,2.82421875,4.0,-0.03999999999999998,14.0,2.429720640182495
4,0.9453125,3.76953125,4.0,-0.03999999999999998,14.0,2.733339309692383
5,0.9453125,4.71484375,4.0,-0.03999999999999998,14.0,3.0428285598754883
6,0.94921875,5.6640625,4.0,-0.03999999999999998,13.0,3.3663907051086426
7,0.94921875,6.61328125,4.0,-0.03999999999999998,13.0,3.6158621311187744
8,0.94921875,7.5625,4.0,-0.03999999999999998,13.0,3.807668447494507
9,0.94921875,8.51171875,4.0,-0.03999999999999998,13.0,3.9064416885375977
10,0.953125,9.46484375,4.0,-0.03999999999999998,12.0,3.914261817932129
11,0.953125,10.41796875,4.0,-0.03999999999999998,12.0,3.8555169105529785
12,0.95703125,11.375,4.0,-0.03999999999999998,11.0,3.784900426864624
13,0.95703125,12.33203125,4.0,-0.03999999999999998,11.0,3.705458641052246
14,0.9609375,13.29296875,4.0,-0.03999999999999998,10.0,3.6380605697631836
15,0.9609375,14.25390625,4.0,-0.03999999999999998,10.0,3.5766067504882812
16,0.96484375,15.21875,4.0,-0.03999999999999998,9.0,3.547253370285034
17,0.96484375,16.18359375,4.0,-0.03999999999999998,9.0,3.537625312805176
18,0.97265625,17.15625,4.0,-0.03999999999999998,7.0,3.5667691230773926
19,0.9765625,18.1328125,4.0,-0.03999999999999998,6.0,3.597020149230957
20,0.98046875,19.11328125,4.0,-0.03999999999999998,5.0,3.618973731994629
21,0.98828125,20.1015625,4.0,-0.03999999999999998,3.0,3.6540191173553467
22,0.98828125,21.08984375,4.0,-0.03999999999999998,3.0,3.660971164703369
23,0.9921875,22.08203125,4.0,-0.03999999999999998,2.0,3.6570818424224854
24,0.99609375,23.078125,4.0,-0.03999999999999998,1.0,3.6496942043304443
25,1.0,24.078125,4.0,-0.03999999999999998,0.0,3.6365396976470947
26,1.0,25.078125,4.0,-0.03999999999999998,0.0,3.626195192337036
27,0.99609375,26.07421875,4.0,-0.03999999999999998,1.0,3.611407518386841
28,0.99609375,27.0703125,4.0,-0.03999999999999998,1.0,3.6062729358673096
29,0.9921875,28.0625,4.0,-0.03999999999999998,2.0,3.610518455505371
30,0.9921875,29.0546875,4.0,-0.03999999999999998,2.0,3.6046853065490723
31,0.98828125,30.04296875,4.0,-0.03999999999999998,3.0,3.610621213912964
32,0.984375,31.02734375,4.0,-0.03999999999999998,4.0,3.6060283184051514
33,0.984375,32.01171875,4.0,-0.03999999999999998,4.0,3.6145994663238525
34,0.98046875,32.9921875,4.0,-0.03999999999999998,5.0,3.612983465194702
35,0.98046875,33.97265625,4.0,-0.03999999999999998,5.0,3.6219823360443115
36,0.9765625,34.94921875,4.0,-0.03999999999999998,6.0,3.628519296646118
37,0.9765625,35.92578125,4.0,-0.03999999999999998,6.0,3.6324822902679443
38,0.97265625,36.8984375,4.0,-0.03999999999999998,7.0,3.6244211196899414
39,0.96875,37.8671875,4.0,-0.03999999999999998,8.0,3.618598461151123
40,0.96875,38.8359375,4.0,-0.03999999999999998,8.0,3.6226816177368164
41,0.96484375,39.80078125,4.0,-0.03999999999999998,9.0,3.628763437271118
42,0.96484375,40.765625,4.0,-0.03999999999999998,9.0,3.6288907527923584
43,0.9609375,41.7265625,4.0,-0.03999999999999998,10.0,3.6239418983459473
44,0.95703125,42.68359375,4.0,-0.03999999999999998,11.0,3.625420331954956
45,0.95703125,43.640625,4.0,-0.03999999999999998,11.0,3.61944580078125
46,0.953125,44.59375,4.0,-0.03999999999999998,12.0,3.6116342544555664
47,0.94921875,45.54296875,4.0,-0.03999999999999998,13.0,3.6048407554626465
48,0.94921875,46.4921875,4.0,-0.03999999999999998,13.0,3.6061911582946777
49,0.9453125,47.4375,4.0,-0.03999999999999998,14.0,3.6148054599761963
50,0.9453125,48.3828125,4.0,-0.03999999999999998,14.0,3.6184499263763428
51,0.9453125,49.328125,4.0,-0.03999999999999998,14.0,3.621767997741699
52,0.94140625,50.26953125,4.0,-0.03999999999999998,15.0,3.6302175521850586
53,0.94140625,51.2109375,4.0,-0.03999999999999998,15.0,3.6341583728790283
54,0.9375,52.1484375,4.0,-0.03999999999999998,16.0,3.62300705909729
55,0.93359375,53.08203125,4.0,-0.03999999999999998,17.0,3.6232073307037354
56,0.9296875,54.01171875,4.0,-0.03999999999999998,18.0,3.6115925312042236
57,0.92578125,54.9375,4.0,-0.03999999999999998,19.0,3.6129186153411865
58,0.92578125,55.86328125,4.0,-0.03999999999999998,19.0,3.6130547523498535
59,0.921875,56.78515625,4.0,-0.03999999999999998,20.0,3.6110942363739014
60,0.91796875,57.703125,4.0,-0.03999999999999998,21.0,3.605206251144409
61,0.9140625,58.6171875,4.0,-0.03999999999999998,22.0,3.621821880340576
62,0.91015625,59.52734375,4.0,-0.03999999999999998,23.0,3.6262881755828857
63,0.90625,60.43359375,4.0,-0.03999999999999998,24.0,3.616157054901123
64,0.90234375,61.3359375,4.0,-0.03999999999999998,25.0,3.6177449226379395
65,0.8984375,62.234375,4.0,-0.03999999999999998,26.0,3.6289005279541016
66,0.8984375,63.1328125,4.0,-0.03999999999999998,26.0,3.6262874603271484
67,0.89453125,64.02734375,4.0,-0.03999999999999998,27.0,3.630439519882202
68,0.89453125,64.921875,4.0,-0.03999999999999998,27.0,3.623539924621582
69,0.890625,65.8125,4.0,-0.03999999999999998,28.0,3.6229586601257324
70,0.890625,66.703125,4.0,-0.03999999999999998,28.0,3.6168951988220215
71,0.88671875,67.58984375,4.0,-0.03999999999999998,29.0,3.619635820388794
72,0.88671875,68.4765625,4.0,-0.03999999999999998,29.0,3.6191859245300293
73,0.8828125,69.359375,4.0,-0.03999999999999998,30.0,3.621889114379883
74,0.87890625,70.23828125,4.0,-0.03999999999999998,31.0,3.6240692138671875
75,0.87890625,71.1171875,4.0,-0.03999999999999998,31.0,3.6284728050231934
76,0.875,71.9921875,4.0,-0.03999999999999998,32.0,3.630811929702759
77,0.87109375,72.86328125,4.0,-0.03999999999999998,33.0,3.6261379718780518
78,0.87109375,73.734375,4.0,-0.03999999999999998,33.0,3.624147653579712
79,0.8671875,74.6015625,4.0,-0.03999999999999998,34.0,3.621264696121216
80,0.86328125,75.46484375,4.0,-0.03999999999999998,35.0,3.614790201187134
81,0.86328125,76.328125,4.0,-0.03999999999999998,35.0,3.605926513671875
82,0.859375,77.1875,4.0,-0.03999999999999998,36.0,3.6064345836639404
83,0.859375,78.046875,4.0,-0.03999999999999998,36.0,3.613807201385498
84,0.8515625,78.8984375,4.0,-0.03999999999999998,38.0,3.6147022247314453
85,0.8515625,79.75,4.0,-0.03999999999999998,38.0,3.6147682666778564
86,0.84765625,80.59765625,4.0,-0.03999999999999998,39.0,3.6208906173706055
87,0.84765625,81.4453125,4.0,-0.03999999999999998,39.0,3.6215107440948486
88,0.84375,82.2890625,4.0,-0.03999999999999998,40.0,3.6170506477355957
89,0.84375,83.1328125,4.0,-0.03999999999999998,40.0,3.626218557357788
90,0.83984375,83.97265625,4.0,-0.03999999999999998,41.0,3.6329538822174072
91,0.8359375,84.80859375,4.0,-0.03999999999999998,42.0,3.6341636180877686
92,0.8359375,85.64453125,4.0,-0.03999999999999998,42.0,3.6247289180755615
93,0.83203125,86.4765625,4.0,-0.03999999999999998,43.0,3.6151821613311768
94,0.83203125,87.30859375,4.0,-0.03999999999999998,43.0,3.617159366607666
95,0.828125,88.13671875,4.0,-0.03999999999999998,44.0,3.6223254203796387
96,0.828125,88.96484375,4.0,-0.03999999999999998,44.0,3.615781784057617
97,0.82421875,89.7890625,4.0,-0.03999999999999998,45.0,3.6194007396698
98,0.8203125,90.609375,4.0,-0.03999999999999998,46.0,3.616628646850586
99,0.81640625,91.42578125,4.0,-0.03999999999999998,47.0,3.620903491973877
100,0.81640625,92.2421875,4.0,-0.03999999999999998,47.0,3.6181094646453857
101,0.8125,93.0546875,4.0,-0.03999999999999998,48.0,3.6115612983703613
102,0.8125,93.8671875,4.0,-0.03999999999999998,48.0,3.618600606918335
103,0.8125,94.6796875,4.0,-0.03999999999999998,48.0,3.614619255065918
104,0.80859375,95.48828125,4.0,-0.03999999999999998,49.0,3.6111016273498535
105,0.8046875,96.29296875,4.0,-0.03999999999999998,50.0,3.6231088638305664
106,0.8046875,97.09765625,4.0,-0.03999999999999998,50.0,3.624511957168579
107,0.8046875,97.90234375,4.0,-0.03999999999999998,50.0,3.6276650428771973
108,0.80078125,98.703125,4.0,-0.03999999999999998,51.0,3.6319565773010254
109,0.80078125,99.50390625,4.0,-0.03999999999999998,51.0,3.6315758228302
110,0.796875,100.30078125,4.0,-0.03999999999999998,52.0,3.6307332515716553
111,0.796875,101.09765625,4.0,-0.03999999999999998,52.0,3.6160993576049805
112,0.796875,101.89453125,4.0,-0.03999999999999998,52.0,3.6129417419433594
113,0.796875,102.69140625,4.0,-0.03999999999999998,52.0,3.609872341156006
114,0.79296875,103.484375,4.0,-0.03999999999999998,53.0,3.6072146892547607
115,0.79296875,104.27734375,4.0,-0.03999999999999998,53.0,3.616468667984009
116,0.7890625,105.06640625,4.0,-0.03999999999999998,54.0,3.6222736835479736
117,0.7890625,105.85546875,4.0,-0.03999999999999998,54.0,3.6159868240356445
118,0.7890625,106.64453125,4.0,-0.03999999999999998,54.0,3.6244585514068604
119,0.78515625,107.4296875,4.0,-0.03999999999999998,55.0,3.6246445178985596
120,0.78515625,108.21484375,4.0,-0.03999999999999998,55.0,3.6293563842773438
121,0.78125,108.99609375,4.0,-0.03999999999999998,56.0,3.6258437633514404
122,0.78125,109.77734375,4.0,-0.03999999999999998,56.0,3.6239116191864014
123,0.78125,110.55859375,4.0,-0.03999999999999998,56.0,3.6204917430877686
124,0.78125,111.33984375,4.0,-0.03999999999999998,56.0,3.611841917037964
125,0.78125,112.12109375,4.0,-0.03999999999999998,56.0,3.6058225631713867
126,0.77734375,112.8984375,4.0,-0.03999999999999998,57.0,3.604449510574341
127,0.77734375,113.67578125,4.0,-0.03999999999999998,57.0,3.6140289306640625
128,0.77734375,114.453125,4.0,-0.03999999999999998,57.0,3.6304352283477783
129,0.7734375,115.2265625,4.0,-0.03999999999999998,58.0,3.63828444480896
130,0.7734375,116.0,4.0,-0.03999999999999998,58.0,3.6406068801879883
131,0.7734375,116.7734375,4.0,-0.03999999999999998,58.0,3.6307291984558105
132,0.7734375,117.546875,4.0,-0.03999999999999998,58.0,3.6216881275177
133,0.7734375,118.3203125,4.0,-0.03999999999999998,58.0,3.612236261367798
134,0.7734375,119.09375,4.0,-0.03999999999999998,58.0,3.612654447555542
135,0.7734375,119.8671875,4.0,-0.03999999999999998,58.0,3.6142988204956055
136,0.7734375,120.640625,4.0,-0.03999999999999998,58.0,3.619598865509033
137,0.7734375,121.4140625,4.0,-0.03999999999999998,58.0,3.624011516571045
138,0.7734375,122.1875,4.0,-0.03999999999999998,58.0,3.6154301166534424
139,0.7734375,122.9609375,4.0,-0.03999999999999998,58.0,3.6120080947875977
140,0.7734375,123.734375,4.0,-0.03999999999999998,58.0,3.60815691947937
141,0.7734375,124.5078125,4.0,-0.03999999999999998,58.0,3.6079459190368652
142,0.7734375,125.28125,4.0,-0.03999999999999998,58.0,3.6172800064086914
143,0.7734375,126.0546875,4.0,-0.03999999999999998,58.0,3.6290535926818848
144,0.7734375,126.828125,4.0,-0.03999999999999998,58.0,3.6269757747650146
145,0.7734375,127.6015625,4.0,-0.03999999999999998,58.0,3.627268075942993
146,0.7734375,128.375,4.0,-0.03999999999999998,58.0,3.621096611022949
147,0.7734375,129.1484375,4.0,-0.03999999999999998,58.0,3.6247217655181885
148,0.77734375,129.92578125,4.0,-0.03999999999999998,57.0,3.628950357437134
149,0.77734375,130.703125,4.0,-0.03999999999999998,57.0,3.6248395442962646
150,0.78125,131.484375,4.0,-0.03999999999999998,56.0,3.625251293182373
151,0.78125,132.265625,4.0,-0.03999999999999998,56.0,3.621716022491455
152,0.78125,133.046875,4.0,-0.03999999999999998,56.0,3.6190896034240723
153,0.78515625,133.83203125,4.0,-0.03999999999999998,55.0,3.6207199096679688
154,0.78515625,134.6171875,4.0,-0.03999999999999998,55.0,3.6236143112182617
155,0.78515625,135.40234375,4.0,-0.03999999999999998,55.0,3.6225781440734863
156,0.7890625,136.19140625,4.0,-0.03999999999999998,54.0,3.6195144653320312
157,0.7890625,136.98046875,4.0,-0.03999999999999998,54.0,3.60933780670166
158,0.7890625,137.76953125,4.0,-0.03999999999999998,54.0,3.614286422729492
159,0.7890625,138.55859375,4.0,-0.03999999999999998,54.0,3.619688034057617
160,0.79296875,139.3515625,4.0,-0.03999999999999998,53.0,3.6229686737060547
161,0.79296875,140.14453125,4.0,-0.03999999999999998,53.0,3.6194097995758057
162,0.79296875,140.9375,4.0,-0.03999999999999998,53.0,3.6104190349578857
163,0.796875,141.734375,4.0,-0.03999999999999998,52.0,3.613250732421875
164,0.796875,142.53125,4.0,-0.03999999999999998,52.0,3.6174073219299316
165,0.796875,143.328125,4.0,-0.03999999999999998,52.0,3.623730421066284
166,0.80078125,144.12890625,4.0,-0.03999999999999998,51.0,3.628933906555176
167,0.80078125,144.9296875,4.0,-0.03999999999999998,51.0,3.6305174827575684
168,0.8046875,145.734375,4.0,-0.03999999999999998,50.0,3.6254971027374268
169,0.80859375,146.54296875,4.0,-0.03999999999999998,49.0,3.613264799118042
170,0.80859375,147.3515625,4.0,-0.03999999999999998,49.0,3.6052663326263428
171,0.8125,148.1640625,4.0,-0.03999999999999998,48.0,3.611886978149414
172,0.8125,148.9765625,4.0,-0.03999999999999998,48.0,3.620582342147827
173,0.81640625,149.79296875,4.0,-0.03999999999999998,47.0,3.617698907852173
174,0.81640625,150.609375,4.0,-0.03999999999999998,47.0,3.6131410598754883
175,0.8203125,151.4296875,4.0,-0.03999999999999998,46.0,3.6102712154388428
176,0.8203125,152.25,4.0,-0.03999999999999998,46.0,3.6225409507751465
177,0.8203125,153.0703125,4.0,-0.03999999999999998,46.0,3.631075143814087
178,0.82421875,153.89453125,4.0,-0.03999999999999998,45.0,3.6347475051879883
179,0.82421875,154.71875,4.0,-0.03999999999999998,45.0,3.6256587505340576
180,0.828125,155.546875,4.0,-0.03999999999999998,44.0,3.6123363971710205
181,0.828125,156.375,4.0,-0.03999999999999998,44.0,3.6180269718170166
182,0.83203125,157.20703125,4.0,-0.03999999999999998,43.0,3.6229920387268066
183,0.83203125,158.0390625,4.0,-0.03999999999999998,43.0,3.62717604637146
184,0.8359375,158.875,4.0,-0.03999999999999998,42.0,3.6247668266296387
185,0.83984375,159.71484375,4.0,-0.03999999999999998,41.0,3.6101441383361816
186,0.83984375,160.5546875,4.0,-0.03999999999999998,41.0,3.615645408630371
187,0.83984375,161.39453125,4.0,-0.03999999999999998,41.0,3.6205575466156006
188,0.84375,162.23828125,4.0,-0.03999999999999998,40.0,3.6189231872558594
189,0.84375,163.08203125,4.0,-0.03999999999999998,40.0,3.6218371391296387
190,0.84375,163.92578125,4.0,-0.03999999999999998,40.0,3.6195430755615234
191,0.84375,164.76953125,4.0,-0.03999999999999998,40.0,3.614908456802368
192,0.84375,165.61328125,4.0,-0.03999999999999998,40.0,3.6045398712158203
193,0.84765625,166.4609375,4.0,-0.03999999999999998,39.0,3.6071627140045166
194,0.84765625,167.30859375,4.0,-0.03999999999999998,39.0,3.6181628704071045
195,0.84765625,168.15625,4.0,-0.03999999999999998,39.0,3.6267778873443604
196,0.8515625,169.0078125,4.0,-0.03999999999999998,38.0,3.633218765258789
197,0.8515625,169.859375,4.0,-0.03999999999999998,38.0,3.629020929336548
198,0.85546875,170.71484375,4.0,-0.03999999999999998,37.0,3.629373550415039
199,0.85546875,171.5703125,4.0,-0.03999999999999998,37.0,3.616814374923706
200,0.859375,172.4296875,4.0,-0.03999999999999998,36.0,3.618669271469116
201,0.86328125,173.29296875,4.0,-0.03999999999999998,35.0,3.622976541519165
202,0.8671875,174.16015625,4.0,-0.03999999999999998,34.0,3.613867998123169
203,0.86328125,175.0234375,4.0,-0.03999999999999998,35.0,3.614440679550171
204,0.8671875,175.890625,4.0,-0.03999999999999998,34.0,3.619750499725342
205,0.8671875,176.7578125,4.0,-0.03999999999999998,34.0,3.620021104812622
206,0.87109375,177.62890625,4.0,-0.03999999999999998,33.0,3.6258201599121094
207,0.875,178.50390625,4.0,-0.03999999999999998,32.0,3.6251327991485596
208,0.875,179.37890625,4.0,-0.03999999999999998,32.0,3.620959997177124
209,0.87890625,180.2578125,4.0,-0.03999999999999998,31.0,3.61928129196167
210,0.87890625,181.13671875,4.0,-0.03999999999999998,31.0,3.6101608276367188
211,0.8828125,182.01953125,4.0,-0.03999999999999998,30.0,3.613063335418701
212,0.8828125,182.90234375,4.0,-0.03999999999999998,30.0,3.620555877685547
213,0.890625,183.79296875,4.0,-0.03999999999999998,28.0,3.621866464614868
214,0.90625,184.69921875,4.0,-0.03999999999999998,24.0,3.6274783611297607
215,0.91796875,185.6171875,4.0,-0.03999999999999998,21.0,3.6181423664093018
216,0.91796875,186.53515625,4.0,-0.03999999999999998,21.0,3.6163485050201416
217,0.90234375,187.4375,4.0,-0.03999999999999998,25.0,3.6198227405548096
218,0.8984375,188.3359375,4.0,-0.03999999999999998,26.0,3.6186270713806152
219,0.90234375,189.23828125,4.0,-0.03999999999999998,25.0,3.617063283920288
220,0.88671875,190.125,4.0,-0.03999999999999998,29.0,3.6224563121795654
221,0.88671875,191.01171875,4.0,-0.03999999999999998,29.0,3.627504825592041
222,0.89453125,191.90625,4.0,-0.03999999999999998,27.0,3.6293036937713623
223,0.90625,192.8125,4.0,-0.03999999999999998,24.0,3.6287190914154053
224,0.89453125,193.70703125,4.0,-0.03999999999999998,27.0,3.6277530193328857
225,0.8984375,194.60546875,4.0,-0.03999999999999998,26.0,3.6172165870666504
226,0.90234375,195.5078125,4.0,-0.03999999999999998,25.0,3.614677667617798
227,0.90625,196.4140625,4.0,-0.03999999999999998,24.0,3.616241216659546
228,0.9140625,197.328125,4.0,-0.03999999999999998,22.0,3.613860845565796
229,0.91796875,198.24609375,4.0,-0.03999999999999998,21.0,3.615122079849243
230,0.921875,199.16796875,4.0,-0.03999999999999998,20.0,3.6158270835876465
231,0.92578125,200.09375,4.0,-0.03999999999999998,19.0,3.6179563999176025
232,0.9296875,201.0234375,4.0,-0.03999999999999998,18.0,3.62170672416687
233,0.93359375,201.95703125,4.0,-0.03999999999999998,17.0,3.6196041107177734
234,0.9375,202.89453125,4.0,-0.03999999999999998,16.0,3.6178054809570312
235,0.9375,203.83203125,4.0,-0.03999999999999998,16.0,3.614014148712158
236,0.94140625,204.7734375,4.0,-0.03999999999999998,15.0,3.6198582649230957
237,0.9453125,205.71875,4.0,-0.03999999999999998,14.0,3.6196980476379395
238,0.94921875,206.66796875,4.0,-0.03999999999999998,13.0,3.6199939250946045
239,0.953125,207.62109375,4.0,-0.03999999999999998,12.0,3.6239051818847656
240,0.95703125,208.578125,4.0,-0.03999999999999998,11.0,3.62715482711792
241,0.9609375,209.5390625,4.0,-0.03999999999999998,10.0,3.6170036792755127
242,0.9609375,210.5,4.0,-0.03999999999999998,10.0,3.611269235610962
243,0.96484375,211.46484375,4.0,-0.03999999999999998,9.0,3.614558458328247
244,0.96875,212.43359375,4.0,-0.03999999999999998,8.0,3.6222736835479736
245,0.97265625,213.40625,4.0,-0.03999999999999998,7.0,3.625148057937622
246,0.98046875,214.38671875,4.0,-0.03999999999999998,5.0,3.6289751529693604
247,0.984375,215.37109375,4.0,-0.03999999999999998,4.0,3.6231820583343506
248,0.98828125,216.359375,4.0,-0.03999999999999998,3.0,3.6199824810028076
249,0.9921875,217.3515625,4.0,-0.03999999999999998,2.0,3.620309829711914
250,0.99609375,218.34765625,4.0,-0.03999999999999998,1.0,3.623195171356201
251,0.99609375,219.34375,4.0,-0.03999999999999998,1.0,3.6185522079467773
252,0.98828125,220.33203125,4.0,-0.03999999999999998,3.0,3.6162526607513428
253,0.984375,221.31640625,4.0,-0.03999999999999998,4.0,3.6092751026153564
254,0.9765625,222.29296875,4.0,-0.03999999999999998,6.0,3.6121315956115723
255,0.97265625,223.265625,4.0,-0.03999999999999998,7.0,3.616436004638672
256,0.96484375,224.23046875,4.0,-0.03999999999999998,9.0,3.625547409057617
257,0.9609375,225.19140625,4.0,-0.03999999999999998,10.0,3.624008893966675
258,0.953125,226.14453125,4.0,-0.03999999999999998,12.0,3.622818946838379
259,0.94140625,227.0859375,4.0,-0.03999999999999998,15.0,3.6198813915252686
260,0.93359375,228.01953125,4.0,-0.03999999999999998,17.0,3.626046895980835
261,0.92578125,228.9453125,4.0,-0.03999999999999998,19.0,3.6244020462036133
262,0.921875,229.8671875,4.0,-0.03999999999999998,20.0,3.621121644973755
263,0.9140625,230.78125,4.0,-0.03999999999999998,22.0,3.618520498275757
264,0.90625,231.6875,4.0,-0.03999999999999998,24.0,3.622483968734741
265,0.90234375,232.58984375,4.0,-0.03999999999999998,25.0,3.6097514629364014
266,0.890625,233.48046875,4.0,-0.03999999999999998,28.0,3.616941452026367
267,0.88671875,234.3671875,4.0,-0.03999999999999998,29.0,3.6224818229675293
268,0.8828125,235.25,4.0,-0.03999999999999998,30.0,3.6215248107910156
269,0.875,236.125,4.0,-0.03999999999999998,32.0,3.6128809452056885
270,0.87109375,236.99609375,4.0,-0.03999999999999998,33.0,3.6195976734161377
271,0.859375,237.85546875,4.0,-0.03999999999999998,36.0,3.624175786972046
272,0.85546875,238.7109375,4.0,-0.03999999999999998,37.0,3.625188112258911
273,0.84765625,239.55859375,4.0,-0.03999999999999998,39.0,3.6151621341705322
274,0.83984375,240.3984375,4.0,-0.03999999999999998,41.0,3.6184418201446533
275,0.83203125,241.23046875,4.0,-0.03999999999999998,43.0,3.6170201301574707
276,0.828125,242.05859375,4.0,-0.03999999999999998,44.0,3.6208105087280273
277,0.8203125,242.87890625,4.0,-0.03999999999999998,46.0,3.6259775161743164
278,0.81640625,243.6953125,4.0,-0.03999999999999998,47.0,3.626413345336914
279,0.80859375,244.50390625,4.0,-0.03999999999999998,49.0,3.6226537227630615
280,0.8046875,245.30859375,4.0,-0.03999999999999998,50.0,3.6198277473449707
281,0.796875,246.10546875,4.0,-0.03999999999999998,52.0,3.614013433456421
282,0.7890625,246.89453125,4.0,-0.03999999999999998,54.0,3.6099483966827393
283,0.78125,247.67578125,4.0,-0.03999999999999998,56.0,3.612482786178589
284,0.77734375,248.453125,4.0,-0.03999999999999998,57.0,3.608285903930664
285,0.76953125,249.22265625,4.0,-0.03999999999999998,59.0,3.620661735534668
286,0.76171875,249.984375,4.0,-0.03999999999999998,61.0,3.6263370513916016
287,0.7578125,250.7421875,4.0,-0.03999999999999998,62.0,3.619641065597534
288,0.75390625,251.49609375,4.0,-0.03999999999999998,63.0,3.6221797466278076
289,0.74609375,252.2421875,4.0,-0.03999999999999998,65.0,3.6232385635375977
290,0.73828125,252.98046875,4.0,-0.03999999999999998,67.0,3.620636463165283
291,0.734375,253.71484375,4.0,-0.03999999999999998,68.0,3.619703769683838
292,0.73046875,254.4453125,4.0,-0.03999999999999998,69.0,3.621346950531006
293,0.72265625,255.16796875,4.0,-0.03999999999999998,71.0,3.6135716438293457
294,0.71484375,255.8828125,4.0,-0.03999999999999998,73.0,3.6101977825164795
295,0.7109375,256.59375,4.0,-0.03999999999999998,74.0,3.613405227661133
296,0.69921875,257.29296875,4.0,-0.03999999999999998,77.0,3.614772081375122
297,0.6953125,257.98828125,4.0,-0.03999999999999998,78.0,3.6223654747009277
298,0.6875,258.67578125,4.0,-0.03999999999999998,80.0,3.621878147125244
299,0.6796875,259.35546875,4.0,-0.03999999999999998,82.0,3.633577346801758
300,0.671875,260.02734375,4.0,-0.03999999999999998,84.0,3.627152442932129
301,0.66796875,260.6953125,4.0,-0.03999999999999998,85.0,3.6289260387420654
302,0.66015625,261.35546875,4.0,-0.03999999999999998,87.0,3.622502326965332
303,0.65234375,262.0078125,4.0,-0.03999999999999998,89.0,3.6204302310943604
304,0.65234375,262.66015625,4.0,-0.03999999999999998,89.0,3.6198673248291016
305,0.64453125,263.3046875,4.0,-0.03999999999999998,91.0,3.6123781204223633
306,0.63671875,263.94140625,4.0,-0.03999999999999998,93.0,3.6085946559906006
307,0.6328125,264.57421875,4.0,-0.03999999999999998,94.0,3.620297908782959
308,0.6328125,265.20703125,4.0,-0.03999999999999998,94.0,3.6168878078460693
309,0.62890625,265.8359375,4.0,-0.03999999999999998,95.0,3.6243174076080322
310,0.64453125,266.48046875,4.0,-0.03999999999999998,91.0,3.6265218257904053
311,0.65625,267.13671875,4.0,-0.03999999999999998,88.0,3.6325480937957764
312,0.64453125,267.78125,4.0,-0.03999999999999998,91.0,3.6295015811920166
313,0.62890625,268.41015625,4.0,-0.03999999999999998,95.0,3.6220781803131104
314,0.59375,269.00390625,4.0,-0.03999999999999998,104.0,3.613662004470825
315,0.58984375,269.59375,4.0,-0.03999999999999998,105.0,3.6168928146362305
316,0.58203125,270.17578125,4.0,-0.03999999999999998,107.0,3.6131412982940674
317,0.578125,270.75390625,4.0,-0.03999999999999998,108.0,3.6073977947235107
318,0.5703125,271.32421875,4.0,-0.03999999999999998,110.0,3.6077029705047607
319,0.5625,271.88671875,4.0,-0.03999999999999998,112.0,3.607722520828247
320,0.55859375,272.4453125,4.0,-0.03999999999999998,113.0,3.626295566558838
321,0.5625,273.0078125,4.0,-0.03999999999999998,112.0,3.636052370071411
322,0.5546875,273.5625,4.0,-0.03999999999999998,114.0,3.6411006450653076
323,0.546875,274.109375,4.0,-0.03999999999999998,116.0,3.637629270553589
324,0.5390625,274.6484375,4.0,-0.03999999999999998,118.0,3.6197586059570312
325,0.53515625,275.18359375,4.0,-0.03999999999999998,119.0,3.608639717102051
326,0,275.18359375,4.0,-0.03999999999999998,119.0,3.6092934608459473
